723252727
656814460
1608228754
1290795362
1162489488
242429143
1473063712
1413787483
1379399184
1230755946
335126164
1179764306
957969164
709070079
2131247779
934436009
1471562368
1888254601
2027542628
1231479018
2142722771
935314563
1767867091
1364609881
620814203
1424236258
1761370136
788170978
1028513411
357859727
2113705230
1751766138
1014674187
1574450337
895077853
29680027
1816879480
220657917
1443467510
1048795017
1451413863
1778593674
81075675
261899379
340180105
64839806
1196335388
1811742473
1953094407
1076394368
895737844
1948333530
2011708931
516121287
1165459763
485039487
1940357545
779346251
1273210465
821387308
1137205978
1239432047
425669799
4396517
666398736
1320747652
34076544
335794569
1541405569
1477544054
1384589586
845335784
1108654080
1465665261
1107235163
1448834185
1530505067
156086903
1113093011
1336115826
1232481272
2008830855
1136965709
1096706555
377468494
154941824
1581746042
170342391
934288076
707472859
991729699
2071494054
1946904907
1417399498
2075890572
465819995
590663502
2109967116
801614564
2132069071
1440027523
38720502
829921207
401197955
1504385763
1937156370
1850032141
887407182
2093243274
815641504
76039361
1178240898
676988711
1213005070
127463805
1054457205
1367946894
1709209848
1224799596
154751322
269199059
69045647
78761729
68620318
1486445146
7168653
534440314
2077108648
2117135769
1336054878
2061694072
1409679644
1374775381
744131631
1810877600
731677496
533804354
1513426093
1619084679
479563980
181583949
1695124040
1657804878
858572660
760645462
1785268683
1913029865
2128592356
1346994883
990345813
135860031
1616193943
1059391460
214621760
1684814261
398352958
221790413
71770927
327977959
191442534
1407825806
242188383
1601122179
635117539
986320014
1264516131
1366795035
1520124368
630458576
838396066
1999688348
812042525
386036458
1510009578
1670615185
1146681920
1147794614
1436161402
1127790629
347305849
279023567
1263650660
1963499792
1338415027
1478272420
1500830406
1736767986
1700062833
1572601333
2064745945
1891505367
832943491
159450680
1345143898
1468061030
1145770694
462176381
687372418
518411415
1092634957
1525768484
370616115
1904677482
1911804943
1880625694
1427809019
911003215
880936660
716486773
2038793844
1228242509
995510340
1154960856
1044258654
186441720
485749628
397605412
1923209706
38328813
1970206745
1840472003
1929834181
655666589
1999922683
1127494431
2123727619
998209729
1589670813
663616389
1516621144
534822122
41901226
1887237260
292015957
1953706169
1620379306
1719824976
717225736
353832318
288828102
608535933
1582074827
1284338442
1763496789
478849833
1470780162
101762770
876455245
1246506220
140091583
699178343
939494575
2069925764
1354844932
791933610
1049936548
1331088903
1790143340
492123713
1994705293
1159280836
1026945835
2036606519
899034448
1318961792
1842829040
371930106
891303121
412571128
725762424
1180131223
1021107061
160353604
316986017
637120203
639203437
1787766180
738882973
1515658683
886788752
878974556
67353378
1826283328
801416673
1422198310
470733290
1851353221
605803565
113392982
195993286
453025210
1272673819
1222939121
342148081
24224619
394417266
37493473
396154726
1285720387
450064602
1121917150
318367962
1471171663
1282270754
635353979
2108291866
1921474192
275636511
699691191
1289649227
1162425264
1578665748
1357002605
841224944
232598773
631717267
1311958234
2083951994
1237520832
1425351217
132461632
1690546043
550541388
1355400753
2032694124
574766007
1749818019
2070187598
970920733
888054758
372768552
2092837884
1206422720
1843940215
1227624990
1841776700
1804748434
1001615534
2117413211
356955977
143781113
1132354827
1935621725
1500783718
1973579771
20736850
2132500985
1138054358
2104688844
1222538170
415921927
89666828
765600565
966463315
1445067582
650811041
1541229322
1047401953
573514991
364666408
1935456712
946283543
310020644
994395784
642740111
1537645634
688688836
300004897
391777521
658618400
656960874
535558634
1790973227
445098952
2036342353
1617069351
465835802
2021359690
607640061
423040999
1096414212
1023561988
512707827
1862014777
1990025303
1957775409
365342171
1383770977
857693715
938857162
1748437385
645666779
1885140706
2058458029
1640062563
380397169
1448620016
181267752
680402066
1840397537
